c_in_AA = 2.99792d18                               ;in [Ang/s]
sol_lum_in_erg = 3.839d33
pc_in_m = 3.08567758d16
Mpc_in_cm = 3.08567758d23



